     3.18	 17 01 12.58	-30 06 41.33	     0.98	     0.78	    150.3	     2.38	2.090e-15	1.601e-15	3.740e-16	1.825e-16
     3.43	 17 01 12.85	-30 06 45.66	     0.72	     0.72	    165.8	    18.79	8.196e-14	6.616e-14	1.188e-14	5.331e-15
     4.58	 17 01 12.70	-30 06 48.89	     0.75	     0.74	    143.3	     6.64	6.997e-15	4.331e-15	1.678e-15	1.208e-15
     6.90	 17 01 13.11	-30 06 42.34	     0.71	     0.71	    116.6	    17.18	2.378e-14	2.351e-15	8.122e-15	1.339e-14
     8.81	 17 01 13.11	-30 06 38.70	     0.71	     0.71	    167.8	    19.95	8.444e-14	6.646e-14	1.270e-14	7.230e-15
     9.82	 17 01 12.88	-30 06 53.63	     0.72	     0.71	    154.1	    14.10	4.510e-14	3.627e-14	6.201e-15	3.414e-15
     9.97	 17 01 13.36	-30 06 43.14	     0.90	     0.88	    115.5	     3.49	2.586e-15	2.038e-15	3.295e-16	3.113e-16
    10.12	 17 01 13.22	-30 06 50.64	     0.72	     0.71	    164.6	    22.81	6.396e-14	3.512e-14	1.441e-14	1.513e-14
    10.16	 17 01 13.38	-30 06 45.95	     0.72	     0.71	    159.1	    14.09	3.988e-14	3.003e-14	7.620e-15	2.926e-15
    11.33	 17 01 12.76	-30 06 55.64	     0.76	     0.73	    154.6	     6.44	8.918e-15	6.742e-15	1.890e-15	3.833e-16
    12.69	 17 01 13.10	-30 06 55.42	     0.72	     0.71	    109.3	    20.05	2.898e-14	3.214e-15	1.027e-14	1.540e-14
    12.87	 17 01 12.48	-30 06 57.27	     0.91	     0.79	    145.7	     3.64	2.857e-15	2.070e-15	6.521e-16	2.506e-16
    12.93	 17 01 13.33	-30 06 53.39	     0.74	     0.74	      0.0	     8.92	1.628e-14	1.044e-14	3.808e-15	1.726e-15
    13.16	 17 01 11.63	-30 06 40.83	     0.74	     0.73	    142.6	     8.23	1.420e-14	1.133e-14	2.298e-15	9.174e-16
    15.32	 17 01 12.93	-30 06 59.21	     0.87	     0.79	    160.9	     4.38	2.906e-15	1.656e-15	9.677e-16	4.496e-16
    16.11	 17 01 12.16	-30 06 59.55	     0.72	     0.71	    152.1	    14.40	5.525e-14	4.842e-14	6.638e-15	1.379e-15
    16.44	 17 01 13.73	-30 06 36.92	     0.74	     0.72	    147.7	     5.75	4.870e-15	2.962e-15	1.448e-15	7.322e-16
    16.48	 17 01 13.34	-30 06 57.89	     0.99	     0.82	    151.9	     3.24	1.720e-15	8.592e-16	6.638e-16	2.148e-16
    17.38	 17 01 13.53	-30 06 31.98	     0.73	     0.72	    127.6	     9.85	1.920e-14	1.485e-14	2.943e-15	1.571e-15
    18.29	 17 01 12.79	-30 07 02.61	     0.95	     0.79	    143.5	     3.62	3.253e-15	2.576e-15	4.482e-16	2.670e-16
    19.25	 17 01 13.76	-30 06 32.49	     0.71	     0.71	    122.9	    19.07	2.634e-14	1.227e-15	8.602e-15	1.646e-14
    19.55	 17 01 12.56	-30 07 04.04	     0.72	     0.72	    155.3	    13.85	2.909e-14	1.921e-14	5.869e-15	4.295e-15
    19.78	 17 01 11.65	-30 06 59.90	     0.81	     0.75	    149.4	     5.03	3.917e-15	2.525e-15	8.577e-16	8.134e-16
    21.16	 17 01 12.38	-30 07 05.45	     1.01	     0.81	    145.8	     3.23	2.658e-15	1.921e-15	5.614e-16	2.116e-16
    22.11	 17 01 12.59	-30 06 22.39	     0.72	     0.71	    154.2	    10.51	8.277e-15	8.376e-16	2.062e-15	5.363e-15
    23.55	 17 01 13.45	-30 06 23.71	     0.83	     0.77	    148.3	     3.41	1.759e-15	1.147e-15	4.598e-16	2.135e-16
    24.32	 17 01 12.20	-30 07 08.25	     0.82	     0.77	    156.6	     3.87	2.239e-15	1.091e-15	1.017e-15	2.161e-16
    26.48	 17 01 13.73	-30 07 06.53	     0.77	     0.73	    151.6	     6.16	1.178e-14	1.049e-14	1.180e-15	4.628e-16
    26.88	 17 01 13.17	-30 06 18.63	     0.76	     0.73	    154.6	     5.31	6.984e-15	5.639e-15	1.211e-15	2.519e-16
    28.19	 17 01 14.47	-30 06 58.87	     0.99	     0.89	    144.4	     2.94	5.127e-16	    0     	6.853e-16	1.518e-16
    28.58	 17 01 10.41	-30 06 47.19	     0.93	     0.85	    149.3	     3.11	2.562e-15	2.404e-15	2.066e-16	8.796e-17
    29.73	 17 01 13.96	-30 06 20.56	     0.89	     0.84	     95.3	     2.32	1.978e-15	1.923e-15	0.000e+00	0.000e+00
    30.49	 17 01 11.06	-30 06 21.48	     0.74	     0.73	    156.6	     5.50	6.233e-15	4.757e-15	1.092e-15	7.442e-16
    32.82	 17 01 15.07	-30 06 51.98	     0.75	     0.73	    145.0	     4.78	7.472e-15	7.125e-15	5.153e-16	1.327e-16
    36.71	 17 01 10.07	-30 06 28.27	     0.73	     0.72	    158.3	    10.41	2.694e-14	2.323e-14	3.002e-15	1.176e-15
    45.16	 17 01 13.54	-30 07 27.98	     0.95	     0.78	    148.9	     4.06	6.335e-15	5.856e-15	6.230e-16	1.061e-16
    46.40	 17 01 13.46	-30 05 59.45	     0.79	     0.75	    148.2	     3.26	1.036e-15	3.469e-16	4.643e-16	2.652e-16
    46.75	 17 01 12.74	-30 07 31.21	     1.22	     0.85	    143.8	     2.37	2.579e-15	2.394e-15	2.886e-16	0.000e+00
    50.09	 17 01 08.94	-30 07 00.45	     0.87	     0.75	    151.8	     5.09	5.947e-15	5.365e-15	3.513e-16	4.848e-16
    55.16	 17 01 08.36	-30 06 42.15	     0.96	     0.75	    150.5	     5.92	5.699e-15	3.964e-15	1.452e-15	5.363e-16
    56.91	 17 01 16.87	-30 06 57.41	     1.02	     0.79	    145.7	     2.49	8.178e-16	4.355e-16	3.343e-16	1.547e-16
    58.83	 17 01 14.37	-30 05 50.32	     0.77	     0.74	    152.4	     3.59	1.473e-15	8.035e-16	4.736e-16	2.393e-16
    62.13	 17 01 12.57	-30 07 46.62	     1.26	     0.86	    141.3	     2.65	3.823e-16	0.000e+00	0.000e+00	4.134e-16
    66.59	 17 01 10.62	-30 05 43.08	     0.75	     0.74	    143.3	     4.13	3.264e-15	2.634e-15	5.585e-16	2.939e-16
    85.36	 17 01 09.37	-30 05 30.14	     0.84	     0.76	    164.3	     3.59	1.778e-15	1.203e-15	0.000e+00	8.669e-16
    85.87	 17 01 18.78	-30 07 15.31	     1.29	     0.92	    130.4	     2.10	3.538e-15	3.655e-15	    0     	0.000e+00
    90.59	 17 01 05.79	-30 07 04.39	     0.93	     0.78	    159.7	     4.78	2.104e-15	4.658e-16	8.551e-16	8.434e-16
    92.82	 17 01 06.54	-30 05 55.34	     1.20	     1.20	      0.0	     2.15	1.973e-15	1.915e-15	0.000e+00	2.378e-16
    95.51	 17 01 07.80	-30 05 32.16	     1.51	     1.19	    103.1	     2.58	1.702e-15	1.334e-15	3.354e-16	1.986e-16
    96.12	 17 01 05.45	-30 07 09.33	     1.80	     1.17	    158.1	     1.83	0.000e+00	0.000e+00	3.825e-16	0.000e+00
    97.66	 17 01 05.65	-30 07 21.87	     1.05	     1.05	      0.0	     3.09	1.974e-15	1.439e-15	3.928e-16	2.079e-16
    98.55	 17 01 16.83	-30 05 22.65	     0.72	     0.71	    162.8	     9.22	1.673e-14	1.345e-14	3.139e-15	5.758e-16
    98.74	 17 01 05.05	-30 06 56.28	     0.77	     0.73	    157.7	     8.94	8.054e-15	2.785e-15	1.539e-15	3.948e-15
    99.54	 17 01 13.67	-30 05 05.92	     0.94	     0.85	     16.2	     2.10	1.625e-16	   0      	   0      	3.024e-16
   110.63	 17 01 20.16	-30 07 35.63	     1.58	     0.97	    124.4	     2.76	1.807e-15	1.338e-15	4.981e-16	0.000e+00
   115.88	 17 01 21.02	-30 06 05.92	     0.87	     0.81	    126.0	     2.00	1.780e-16	    0     	    0     	2.373e-16
   127.07	 17 01 11.58	-30 04 38.12	     0.88	     0.84	    171.0	     1.74	0.000e+00	    0     	    0     	2.126e-16
   127.10	 17 01 04.23	-30 07 50.54	     1.98	     1.17	    167.5	     2.26	2.212e-15	1.863e-15	2.738e-16	1.353e-16
   128.02	 17 01 02.76	-30 06 53.18	     1.20	     0.85	    174.8	     4.26	1.810e-15	5.173e-16	3.651e-16	9.947e-16
   128.59	 17 01 18.87	-30 05 04.88	     0.77	     0.77	    118.9	     2.94	3.577e-15	3.451e-15	2.350e-16	1.069e-16
   131.16	 17 01 07.31	-30 04 52.72	     0.87	     0.77	      6.5	     3.37	6.076e-15	6.115e-15	0.000e+00	   0      
   132.61	 17 01 21.73	-30 05 44.83	     0.75	     0.73	    104.9	     4.47	2.359e-15	9.299e-16	1.033e-15	4.596e-16
   132.93	 17 01 13.86	-30 08 56.41	     1.19	     1.19	      0.0	     3.58	3.847e-15	3.112e-15	4.695e-16	4.888e-16
   133.67	 17 01 19.23	-30 05 02.18	     0.79	     0.77	      9.3	     2.61	7.165e-16	3.294e-16	4.020e-16	0.000e+00
   135.64	 17 01 07.52	-30 08 43.05	     1.26	     1.26	      0.0	     3.09	2.478e-15	1.840e-15	6.021e-16	1.037e-16
   136.78	 17 01 06.19	-30 04 55.98	     1.06	     0.82	      0.8	     2.05	2.360e-16	    0     	    0     	2.965e-16
   137.95	 17 01 14.13	-30 04 27.99	     0.78	     0.75	     93.1	     3.17	2.658e-15	2.606e-15	    0     	0.000e+00
   142.62	 17 01 23.40	-30 06 18.04	     0.80	     0.74	    119.8	     3.31	1.694e-15	9.907e-16	7.017e-16	8.196e-17
   143.12	 17 01 02.22	-30 05 56.15	     1.00	     0.81	    164.2	     4.06	1.505e-15	4.225e-16	5.084e-16	7.261e-16
   147.20	 17 01 04.25	-30 05 04.94	     0.86	     0.76	    166.0	     4.54	3.582e-15	2.420e-15	5.533e-16	8.814e-16
   152.79	 17 01 00.85	-30 06 34.13	     1.03	     0.89	    170.0	     4.67	2.955e-15	1.700e-15	6.945e-16	7.444e-16
   153.85	 17 01 03.33	-30 08 20.40	     1.32	     0.91	    152.8	     4.72	2.931e-15	1.049e-15	1.414e-15	5.133e-16
   157.13	 17 01 00.56	-30 07 00.89	     2.25	     1.49	    171.8	     2.97	7.944e-16	0.000e+00	7.410e-16	1.525e-16
   157.59	 17 01 09.37	-30 09 16.40	     1.33	     0.94	    140.4	     4.54	6.919e-15	6.242e-15	6.327e-16	3.964e-16
   161.00	 17 01 03.76	-30 04 51.62	     1.52	     0.86	    175.4	     2.00	1.470e-16	     0    	1.522e-16	2.331e-16
   167.17	 17 01 14.36	-30 03 58.89	     0.80	     0.79	    157.1	     2.26	6.085e-16	0.000e+00	2.858e-16	1.053e-16
   177.97	 17 01 15.31	-30 03 50.03	     0.72	     0.72	     16.2	     7.16	4.547e-15	8.279e-16	1.807e-15	1.811e-15
   179.77	 17 01 16.76	-30 09 35.98	     2.37	     1.22	    137.9	     2.80	2.059e-15	1.503e-15	1.531e-16	5.797e-16
   190.64	 17 01 24.13	-30 08 42.71	     1.35	     1.35	      0.0	     2.97	9.164e-16	0.000e+00	1.699e-16	6.817e-16
   193.12	 17 01 01.46	-30 08 52.57	     2.40	     1.17	    147.2	     2.21	0.000e+00	0.000e+00	1.749e-16	3.963e-16
   193.19	 17 00 58.23	-30 05 53.90	     2.02	     1.13	      0.2	     2.94	6.652e-15	6.914e-15	1.521e-16	0.000e+00
   193.38	 17 01 22.43	-30 04 19.18	     0.82	     0.79	     94.8	     2.43	4.352e-16	0.000e+00	1.531e-16	2.815e-16
   197.09	 17 01 05.37	-30 03 51.22	     1.89	     1.15	    175.5	     2.37	1.021e-15	7.164e-16	2.494e-16	1.453e-16
   198.47	 17 01 07.44	-30 03 37.69	     1.17	     0.89	     14.6	     2.00	6.354e-16	4.733e-16	1.655e-16	9.226e-17
   200.51	 17 01 11.97	-30 10 04.84	     2.06	     1.40	    142.7	     3.24	4.911e-16	0.000e+00	    0     	8.539e-16
   205.41	 17 01 27.45	-30 07 55.68	     1.37	     1.37	      0.0	     2.42	3.819e-15	3.717e-15	2.104e-16	0.000e+00
   209.32	 17 01 11.56	-30 10 13.37	     1.38	     1.38	      0.0	     3.64	3.722e-15	2.668e-15	5.628e-16	6.178e-16
   219.34	 17 01 26.84	-30 08 42.73	     2.11	     1.31	    123.2	     2.54	2.381e-15	2.432e-15	0.000e+00	0.000e+00
   225.78	 17 01 03.48	-30 03 32.29	     1.14	     0.91	      6.2	     2.78	1.167e-15	6.505e-16	4.926e-16	9.314e-17
   229.64	 17 01 24.64	-30 09 32.92	     1.71	     1.08	    128.0	     3.88	0.000e+00	0.000e+00	8.241e-16	1.126e-15
   230.39	 17 01 23.73	-30 03 45.02	     0.84	     0.77	     77.1	     2.70	6.976e-16	0.000e+00	3.221e-16	1.860e-16
   232.01	 17 01 28.71	-30 05 03.72	     0.77	     0.74	     95.3	     6.11	1.062e-14	9.025e-15	1.505e-15	5.441e-16
